igual nr de barcos e de spots
-------------
2 2
10 20 120
30 10 60
10 10 20
30 20 30

(50 40 180)

------------------
maior nr de spots que barcos
------------------
3 5
10 20 120
30 10 60
30 20 70
10 10 20
30 30 30
20 20 10
40 20 5
10 30 35

(85 40 250)

4 9
10 20 120
30 10 60
30 20 70
40 40 200
10 10 20
30 30 30
20 20 10
40 20 5
10 30 35
20 10 40
50 10 80
10 40 90
30 40 50

260 110 450


------------------
maior nr de barcos que spots
------------------

3 2
30 10 60
10 20 120                           
20 20 10           
30 20 30
10 10 20

barco 60 - spot 30
barco 10 - spot 20

(50 30 70)


5 2
1 1 100
2 1 50
2 2 20
2 3 40
2 4 10
5 3 5
4 3 10

(15 6 50)


4 3
20 20 10
30 40 20
30 10 30
10 20 40
20 10 20
10 10 30
30 20 40

(90 50 80)